A1BG	8.0	4.0	5.0	2.0	11.0	6.0	6.0	7.0	12.0	5.0	9.0	6.0	6.0	2.0	11.0	5.0	14.0	11.0
A1BG-AS1	2.0	6.0	11.0	5.0	12.0	14.0	11.0	5.0	2.0	2.0	12.0	10.0	9.0	13.0	12.0	13.0	8.0	13.0
A1CF	8.0	9.0	3.0	13.0	14.0	14.0	11.0	4.0	8.0	6.0	14.0	7.0	4.0	13.0	12.0	10.0	8.0	5.0
A2M	11.0	12.0	2.0	12.0	8.0	8.0	9.0	11.0	9.0	14.0	9.0	2.0	10.0	2.0	3.0	5.0	3.0	10.0
A2M-AS1	2.0	9.0	5.0	3.0	13.0	10.0	12.0	5.0	10.0	11.0	2.0	12.0	14.0	4.0	4.0	3.0	8.0	4.0
A2ML1	10.0	14.0	14.0	3.0	11.0	3.0	2.0	9.0	2.0	11.0	13.0	13.0	11.0	11.0	6.0	12.0	12.0	13.0
A2ML1-AS1	5.0	8.0	13.0	7.0	3.0	2.0	2.0	9.0	6.0	5.0	4.0	13.0	8.0	10.0	5.0	9.0	13.0	3.0
A2ML1-AS2	8.0	3.0	6.0	12.0	8.0	3.0	7.0	11.0	10.0	14.0	2.0	6.0	6.0	14.0	10.0	6.0	3.0	14.0
A2MP1	8.0	6.0	13.0	3.0	6.0	12.0	3.0	5.0	5.0	12.0	3.0	12.0	12.0	3.0	14.0	7.0	6.0	10.0
A3GALT2	13.0	9.0	2.0	12.0	2.0	3.0	5.0	9.0	7.0	3.0	4.0	2.0	6.0	11.0	7.0	6.0	11.0	10.0
A4GALT	6.0	12.0	3.0	3.0	7.0	5.0	6.0	7.0	3.0	6.0	7.0	6.0	7.0	14.0	9.0	7.0	12.0	13.0
A4GNT	13.0	13.0	2.0	9.0	11.0	8.0	11.0	12.0	6.0	5.0	10.0	5.0	7.0	7.0	12.0	9.0	9.0	3.0
AAAS	7.0	14.0	2.0	9.0	3.0	6.0	4.0	14.0	6.0	5.0	11.0	9.0	9.0	4.0	13.0	8.0	2.0	14.0
AACS	7.0	12.0	2.0	13.0	13.0	3.0	8.0	3.0	13.0	11.0	2.0	3.0	14.0	5.0	2.0	11.0	14.0	9.0
AACSP1	11.0	10.0	5.0	14.0	3.0	7.0	5.0	5.0	9.0	4.0	8.0	6.0	8.0	2.0	4.0	3.0	12.0	13.0
AADAC	5.0	4.0	12.0	14.0	7.0	6.0	3.0	10.0	5.0	3.0	5.0	13.0	9.0	3.0	8.0	9.0	13.0	3.0
AADACL2	14.0	7.0	5.0	8.0	7.0	10.0	12.0	7.0	12.0	11.0	10.0	6.0	7.0	13.0	11.0	3.0	13.0	9.0
AADACL2-AS1	11.0	3.0	6.0	10.0	7.0	8.0	6.0	9.0	7.0	5.0	7.0	5.0	4.0	4.0	3.0	3.0	12.0	14.0
AADACL3	2.0	2.0	6.0	3.0	9.0	13.0	5.0	4.0	4.0	2.0	7.0	2.0	4.0	7.0	12.0	6.0	2.0	13.0
AADACL4	9.0	13.0	13.0	9.0	3.0	5.0	13.0	8.0	11.0	7.0	12.0	9.0	13.0	7.0	14.0	2.0	5.0	4.0
AADACP1	14.0	11.0	12.0	11.0	8.0	10.0	13.0	9.0	5.0	11.0	5.0	5.0	2.0	13.0	6.0	10.0	4.0	4.0
AADAT	13.0	4.0	4.0	7.0	9.0	5.0	14.0	10.0	8.0	14.0	14.0	10.0	8.0	7.0	9.0	14.0	14.0	6.0
AAGAB	7.0	3.0	8.0	5.0	12.0	11.0	7.0	4.0	10.0	2.0	5.0	3.0	8.0	14.0	14.0	2.0	9.0	5.0
AAK1	4.0	6.0	8.0	4.0	8.0	14.0	13.0	8.0	14.0	14.0	13.0	9.0	12.0	11.0	7.0	5.0	3.0	2.0
AAMDC	13.0	10.0	13.0	13.0	9.0	14.0	3.0	8.0	13.0	12.0	10.0	5.0	10.0	6.0	2.0	13.0	2.0	9.0
AAMP	9.0	12.0	4.0	7.0	10.0	11.0	11.0	8.0	2.0	5.0	2.0	2.0	5.0	5.0	3.0	6.0	9.0	13.0
AANAT	14.0	10.0	14.0	6.0	2.0	12.0	12.0	12.0	8.0	5.0	2.0	3.0	13.0	12.0	6.0	3.0	6.0	11.0
AAR2	4.0	5.0	5.0	14.0	9.0	11.0	11.0	2.0	3.0	13.0	5.0	9.0	13.0	13.0	9.0	12.0	12.0	11.0
AARD	14.0	13.0	12.0	11.0	13.0	6.0	6.0	4.0	5.0	10.0	7.0	2.0	5.0	11.0	10.0	11.0	6.0	13.0
AARS	5.0	3.0	9.0	9.0	3.0	6.0	13.0	14.0	11.0	13.0	8.0	9.0	9.0	7.0	14.0	12.0	2.0	13.0
AARS2	12.0	2.0	14.0	14.0	4.0	4.0	5.0	4.0	2.0	8.0	11.0	9.0	10.0	2.0	9.0	5.0	7.0	11.0
AARSD1	7.0	12.0	12.0	4.0	8.0	3.0	11.0	2.0	9.0	6.0	7.0	11.0	2.0	5.0	14.0	2.0	5.0	6.0
AARSP1	2.0	7.0	13.0	12.0	3.0	9.0	2.0	14.0	14.0	3.0	10.0	14.0	11.0	13.0	9.0	4.0	8.0	6.0
AASDH	3.0	9.0	5.0	3.0	5.0	13.0	14.0	14.0	10.0	6.0	14.0	13.0	4.0	14.0	9.0	13.0	7.0	2.0
AASDHPPT	8.0	2.0	6.0	12.0	14.0	8.0	7.0	13.0	12.0	5.0	7.0	3.0	5.0	3.0	11.0	8.0	13.0	9.0
AASS	4.0	11.0	6.0	9.0	10.0	14.0	8.0	14.0	13.0	11.0	7.0	5.0	6.0	8.0	11.0	11.0	10.0	7.0
AATBC	7.0	9.0	4.0	6.0	10.0	10.0	12.0	13.0	11.0	3.0	13.0	3.0	7.0	3.0	13.0	8.0	11.0	9.0
AATF	3.0	6.0	12.0	5.0	12.0	8.0	12.0	10.0	14.0	12.0	4.0	2.0	4.0	7.0	12.0	14.0	14.0	9.0
AATK	4.0	4.0	2.0	6.0	7.0	3.0	3.0	2.0	5.0	14.0	9.0	2.0	12.0	13.0	12.0	2.0	3.0	14.0
AAVS1	10.0	14.0	9.0	13.0	11.0	10.0	11.0	14.0	2.0	2.0	7.0	12.0	12.0	2.0	9.0	11.0	5.0	10.0
ABALON	12.0	10.0	6.0	9.0	11.0	13.0	5.0	8.0	14.0	14.0	9.0	11.0	5.0	10.0	6.0	3.0	14.0	10.0
ABAT	8.0	9.0	6.0	5.0	10.0	5.0	6.0	14.0	3.0	7.0	13.0	11.0	8.0	10.0	4.0	7.0	9.0	2.0
ABCA1	10.0	12.0	9.0	11.0	10.0	3.0	13.0	11.0	9.0	8.0	8.0	11.0	10.0	10.0	8.0	14.0	12.0	2.0
ABCA10	5.0	6.0	12.0	5.0	14.0	9.0	8.0	4.0	2.0	4.0	11.0	2.0	3.0	5.0	11.0	6.0	14.0	7.0
ABCA11P	6.0	10.0	3.0	6.0	6.0	3.0	10.0	12.0	11.0	4.0	5.0	6.0	7.0	14.0	6.0	14.0	11.0	9.0
ABCA12	10.0	8.0	4.0	10.0	8.0	5.0	6.0	7.0	3.0	5.0	8.0	10.0	11.0	9.0	10.0	3.0	10.0	12.0
ABCA13	5.0	10.0	14.0	4.0	10.0	8.0	5.0	5.0	8.0	4.0	6.0	5.0	8.0	4.0	4.0	6.0	6.0	13.0
ABCA17P	2.0	2.0	5.0	13.0	7.0	7.0	7.0	14.0	7.0	13.0	10.0	3.0	2.0	13.0	11.0	7.0	13.0	6.0
ABCA2	14.0	5.0	13.0	13.0	7.0	13.0	4.0	3.0	9.0	13.0	14.0	11.0	14.0	3.0	7.0	5.0	9.0	6.0
ABCA3	7.0	3.0	14.0	10.0	12.0	10.0	13.0	2.0	10.0	10.0	8.0	13.0	8.0	13.0	5.0	5.0	6.0	2.0
ABCA4	2.0	7.0	9.0	9.0	10.0	12.0	7.0	3.0	10.0	4.0	6.0	5.0	11.0	2.0	12.0	9.0	10.0	11.0
ABCA5	2.0	5.0	7.0	11.0	13.0	8.0	5.0	14.0	11.0	14.0	9.0	4.0	6.0	7.0	9.0	2.0	11.0	6.0
ABCA6	3.0	9.0	5.0	12.0	6.0	6.0	7.0	10.0	5.0	8.0	6.0	6.0	13.0	10.0	3.0	10.0	11.0	11.0
ABCA7	7.0	11.0	2.0	13.0	3.0	12.0	4.0	11.0	3.0	13.0	10.0	14.0	12.0	6.0	10.0	8.0	2.0	2.0
ABCA8	6.0	9.0	2.0	12.0	12.0	2.0	7.0	10.0	13.0	5.0	7.0	7.0	9.0	4.0	9.0	14.0	7.0	14.0
ABCA9	7.0	3.0	5.0	8.0	13.0	7.0	10.0	6.0	13.0	8.0	11.0	6.0	11.0	12.0	4.0	7.0	2.0	13.0
ABCA9-AS1	3.0	7.0	7.0	4.0	13.0	4.0	11.0	7.0	6.0	2.0	10.0	10.0	12.0	11.0	11.0	4.0	11.0	13.0
ABCB1	8.0	10.0	9.0	12.0	3.0	10.0	3.0	8.0	11.0	6.0	11.0	4.0	6.0	9.0	2.0	3.0	6.0	3.0
ABCB10	9.0	2.0	11.0	7.0	6.0	7.0	9.0	2.0	7.0	11.0	4.0	5.0	10.0	11.0	4.0	13.0	13.0	7.0
ABCB10P1	2.0	4.0	13.0	2.0	9.0	11.0	9.0	2.0	6.0	13.0	6.0	3.0	10.0	10.0	9.0	5.0	14.0	2.0
ABCB10P3	10.0	7.0	5.0	6.0	6.0	8.0	14.0	4.0	9.0	11.0	10.0	9.0	12.0	7.0	13.0	6.0	7.0	5.0
ABCB10P4	7.0	14.0	7.0	7.0	6.0	12.0	10.0	12.0	2.0	5.0	6.0	2.0	13.0	3.0	5.0	8.0	6.0	11.0
ABCB11	9.0	8.0	8.0	14.0	6.0	14.0	14.0	5.0	14.0	9.0	9.0	9.0	12.0	14.0	9.0	6.0	11.0	2.0
ABCB4	8.0	12.0	6.0	4.0	8.0	14.0	3.0	10.0	9.0	2.0	11.0	13.0	5.0	14.0	2.0	13.0	8.0	13.0
ABCB5	3.0	8.0	8.0	14.0	13.0	10.0	6.0	2.0	14.0	2.0	12.0	2.0	5.0	13.0	10.0	8.0	9.0	12.0
ABCB6	10.0	14.0	14.0	13.0	11.0	12.0	5.0	3.0	12.0	5.0	12.0	6.0	2.0	6.0	14.0	5.0	2.0	6.0
ABCB7	6.0	10.0	5.0	10.0	11.0	10.0	4.0	7.0	12.0	10.0	3.0	10.0	3.0	10.0	2.0	8.0	13.0	14.0
ABCB8	9.0	3.0	6.0	8.0	9.0	13.0	6.0	7.0	5.0	8.0	13.0	4.0	7.0	11.0	7.0	6.0	4.0	7.0
ABCB9	9.0	12.0	6.0	2.0	5.0	9.0	8.0	14.0	7.0	11.0	7.0	2.0	6.0	14.0	11.0	7.0	2.0	6.0
ABCC1	4.0	14.0	3.0	9.0	10.0	13.0	4.0	12.0	4.0	11.0	13.0	7.0	8.0	5.0	10.0	8.0	13.0	2.0
ABCC10	2.0	12.0	11.0	4.0	3.0	5.0	10.0	9.0	4.0	9.0	10.0	5.0	7.0	6.0	7.0	13.0	11.0	14.0
ABCC11	3.0	4.0	9.0	8.0	12.0	10.0	2.0	12.0	13.0	10.0	9.0	9.0	2.0	4.0	8.0	14.0	12.0	3.0
ABCC12	11.0	8.0	5.0	9.0	8.0	13.0	13.0	10.0	8.0	4.0	5.0	10.0	3.0	14.0	4.0	7.0	4.0	3.0
ABCC13	7.0	13.0	7.0	12.0	7.0	3.0	11.0	3.0	14.0	5.0	11.0	10.0	5.0	7.0	7.0	7.0	8.0	2.0
ABCC2	3.0	4.0	2.0	3.0	3.0	12.0	2.0	11.0	9.0	3.0	5.0	8.0	7.0	5.0	9.0	5.0	8.0	8.0
ABCC3	3.0	6.0	9.0	12.0	4.0	3.0	13.0	10.0	10.0	9.0	4.0	14.0	9.0	13.0	13.0	6.0	3.0	4.0
ABCC4	13.0	13.0	6.0	13.0	6.0	12.0	5.0	14.0	3.0	8.0	11.0	7.0	13.0	2.0	5.0	2.0	13.0	9.0
ABCC5	6.0	8.0	6.0	14.0	7.0	4.0	14.0	4.0	11.0	4.0	8.0	6.0	8.0	7.0	4.0	12.0	4.0	10.0
ABCC5-AS1	9.0	9.0	9.0	2.0	2.0	8.0	3.0	14.0	10.0	5.0	13.0	11.0	4.0	9.0	2.0	14.0	13.0	3.0
ABCC6	9.0	14.0	13.0	8.0	9.0	12.0	8.0	12.0	4.0	4.0	3.0	8.0	13.0	12.0	8.0	12.0	6.0	8.0
ABCC6P1	2.0	2.0	14.0	9.0	8.0	4.0	2.0	6.0	3.0	3.0	4.0	7.0	13.0	2.0	5.0	10.0	2.0	5.0
ABCC6P2	8.0	8.0	11.0	7.0	11.0	11.0	4.0	5.0	9.0	9.0	10.0	12.0	4.0	11.0	11.0	6.0	5.0	11.0
ABCC8	11.0	8.0	14.0	14.0	9.0	4.0	4.0	9.0	7.0	14.0	3.0	11.0	10.0	7.0	12.0	11.0	3.0	2.0
ABCC9	12.0	12.0	6.0	2.0	4.0	8.0	12.0	5.0	11.0	11.0	9.0	5.0	10.0	13.0	13.0	12.0	3.0	4.0
ABCD1	5.0	2.0	8.0	8.0	11.0	11.0	11.0	14.0	8.0	9.0	8.0	4.0	4.0	11.0	10.0	14.0	13.0	2.0
ABCD1P1	6.0	8.0	14.0	10.0	4.0	5.0	9.0	7.0	8.0	5.0	4.0	9.0	3.0	4.0	2.0	14.0	11.0	9.0
ABCD1P2	14.0	5.0	2.0	10.0	5.0	4.0	4.0	12.0	14.0	4.0	9.0	4.0	13.0	4.0	5.0	3.0	8.0	14.0
ABCD1P3	12.0	9.0	12.0	9.0	12.0	8.0	7.0	13.0	4.0	3.0	3.0	4.0	2.0	14.0	4.0	14.0	6.0	14.0
ABCD1P4	8.0	5.0	12.0	13.0	11.0	5.0	3.0	5.0	12.0	5.0	14.0	2.0	3.0	3.0	8.0	6.0	11.0	10.0
ABCD1P5	2.0	2.0	5.0	2.0	4.0	4.0	9.0	5.0	2.0	13.0	14.0	9.0	11.0	12.0	14.0	4.0	14.0	6.0
ABCD2	7.0	2.0	5.0	6.0	11.0	7.0	5.0	13.0	11.0	14.0	10.0	6.0	5.0	12.0	11.0	10.0	3.0	4.0
ABCD3	6.0	4.0	11.0	2.0	5.0	11.0	11.0	11.0	3.0	3.0	14.0	8.0	3.0	4.0	9.0	3.0	6.0	13.0
ABCD4	2.0	10.0	13.0	8.0	6.0	6.0	14.0	3.0	11.0	12.0	2.0	7.0	4.0	6.0	12.0	14.0	6.0	13.0
ABCE1	13.0	5.0	4.0	2.0	7.0	9.0	10.0	8.0	3.0	4.0	5.0	9.0	3.0	3.0	11.0	14.0	11.0	10.0
ABCF1	11.0	4.0	3.0	13.0	5.0	14.0	12.0	4.0	8.0	14.0	3.0	9.0	14.0	11.0	13.0	3.0	2.0	14.0
ABCF1-DT	11.0	2.0	12.0	4.0	12.0	8.0	10.0	11.0	12.0	12.0	7.0	8.0	2.0	13.0	10.0	4.0	4.0	9.0
ABCF2	10.0	9.0	8.0	8.0	12.0	4.0	13.0	7.0	10.0	11.0	9.0	5.0	13.0	2.0	6.0	6.0	8.0	13.0
ABCF2P1	11.0	2.0	11.0	14.0	14.0	7.0	11.0	12.0	6.0	6.0	6.0	7.0	10.0	11.0	4.0	9.0	10.0	5.0
ABCF2P2	13.0	14.0	7.0	11.0	2.0	10.0	5.0	11.0	14.0	8.0	14.0	14.0	10.0	4.0	3.0	12.0	4.0	7.0
ABCF3	12.0	14.0	10.0	7.0	12.0	2.0	4.0	9.0	11.0	2.0	6.0	8.0	2.0	3.0	12.0	13.0	10.0	11.0
